0.000000 
0.000000 
0.000000 
0.000000 
0.000000 
0.000000 
0.000000 
0.000000 
0.000000 
0.000000 
0.000000 
0.000000 
0.000000 
0.000000 
0.000000 
0.000000 
0.000000 
0.000000 
0.000000 
0.000000 
0.000000 
0.000000 
0.000000 
0.000000 
0.000000 
0.000000 
0.000000 
0.000000 
0.000000 
0.000000 
0.000000 
0.000000 
0.000000 
0.000000 
0.000000 
0.000000 
0.000000 
0.000000 
0.000000 
0.000000 
0.000000 
0.000000 
0.000000 
0.000000 
0.000000 
0.000000 
0.000000 
0.000000 
0.000000 
0.000000 
0.000000 
0.000000 
0.000000 
0.000000 
0.000000 
0.000000 
0.000000 
0.000000 
0.000000 
0.000000 
0.000000 
0.000000 
0.000000 
0.000000 
0.000000 
0.000000 
0.000000 
0.000000 
0.000000 
0.000000 
0.000000 
0.000000 
0.000000 
0.000000 
0.000000 
0.000000 
0.000000 
0.000000 
0.000000 
0.000000 
0.000000 
0.525900 
1.175116 
1.701829 
1.789649 
1.801800 
1.802732 
1.818298 
1.822586 
1.840972 
1.848518 
1.869748 
1.880545 
1.904760 
1.918851 
1.946183 
1.963618 
1.994193 
2.015037 
2.048974 
2.073295 
2.110709 
2.138587 
2.179594 
2.211122 
2.255831 
2.291113 
2.339634 
2.378781 
2.431225 
2.474366 
2.530852 
2.578131 
2.638787 
2.690369 
2.755338 
2.811418 
2.880863 
2.941655 
3.015774 
3.081514 
3.160519 
3.231457 
3.315588 
3.391973 
3.481485 
3.563566 
3.658730 
3.746747 
3.847839 
3.942053 
4.049348 
4.149998 
4.263791 
4.371128 
4.491700 
4.606030 
4.733660 
4.855238 
4.990273 
5.119305 
5.262017 
5.398568 
5.549186 
5.693659 
5.852247 
6.004378 
6.170922 
6.331185 
6.505569 
6.673278 
6.855182 
7.030539 
7.219797 
7.401580 
7.597984 
7.787140 
7.990810 
8.186614 
8.396063 
8.597990 
8.812926 
9.020402 
9.240843 
9.453485 
9.679043 
9.896503 
10.126693 
10.348423 
10.582594 
10.808071 
11.045593 
11.274368 
11.514812 
11.745445 
11.988562 
12.222773 
12.468062 
12.701451 
12.948311 
13.186279 
13.435249 
13.674376 
13.924103 
14.158721 
14.401337 
14.627887 
14.865102 
15.089715 
15.327720 
15.551128 
15.787746 
16.009501 
16.243980 
16.463814 
16.695864 
16.913424 
17.142509 
17.357433 
17.583542 
17.795713 
18.018858 
18.228081 
18.448025 
18.654219 
18.870909 
19.074045 
19.287579 
19.487959 
19.698586 
19.896404 
20.104553 
20.300287 
20.506163 
20.700508 
20.904701 
21.097883 
21.300713 
21.493080 
21.694675 
21.886135 
22.086487 
22.276882 
22.476099 
22.665352 
22.863426 
23.051453 
23.248528 
23.435444 
23.631554 
23.817362 
24.012587 
24.197206 
24.391577 
24.574930 
24.768402 
24.950504 
25.143118 
25.323818 
25.515528 
25.694756 
25.885473 
26.063295 
26.252953 
26.429281 
26.617874 
26.792765 
26.980217 
27.153763 
27.339964 
27.512369 
27.697174 
27.868347 
28.051882 
28.222059 
28.404310 
28.573406 
28.754522 
28.922672 
29.102535 
29.269821 
29.448694 
29.614914 
29.792948 
29.957962 
30.135067 
30.298935 
30.475178 
30.637760 
30.813051 
30.974417 
31.148685 
31.308689 
31.481956 
31.640718 
31.812986 
31.970444 
32.141758 
32.298042 
32.468380 
32.623726 
32.793072 
32.947437 
33.115982 
33.269733 
33.437347 
33.590576 
33.757504 
33.910347 
34.076481 
34.229095 
34.394566 
34.547070 
34.711739 
34.864182 
35.028168 
35.180405 
35.343746 
35.495651 
35.658352 
35.809681 
35.971615 
36.122410 
36.283581 
36.433712 
36.594074 
36.743237 
36.902847 
37.050976 
37.209805 
37.356873 
37.514889 
37.660831 
37.817982 
37.962917 
38.119251 
38.263481 
38.418842 
38.562397 
38.716885 
38.859707 
39.013165 
39.155224 
39.307568 
39.448704 
39.599991 
39.739670 
39.890026 
40.028168 
40.177036 
40.313335 
40.460869 
40.595169 
40.741241 
40.873447 
41.017853 
41.147938 
41.290493 
41.418507 
41.559193 
41.685345 
41.824039 
41.948360 
42.085152 
42.207779 
42.342262 
42.463104 
42.595585 
42.713989 
42.844547 
42.960545 
43.089016 
43.202484 
43.328800 
43.439777 
43.563831 
43.672672 
43.794403 
43.901817 
44.021103 
44.126942 
44.243984 
44.347572 
44.462231 
44.563183 
44.675594 
44.774437 
44.884457 
44.981903 
45.089355 
45.185673 
45.291122 
45.385868 
45.489475 
45.582413 
45.684383 
45.774174 
45.874603 
45.962479 
46.061302 
46.147274 
46.244476 
46.328426 
46.423897 
46.506077 
46.599869 
46.680222 
46.772369 
46.851093 
46.941338 
47.018600 
47.106823 
47.182655 
47.269043 
47.343369 
47.427986 
47.500916 
47.583744 
47.655128 
47.736221 
47.805988 
47.885353 
47.953449 
48.031097 
48.097679 
48.173729 
48.238506 
48.313019 
48.376057 
48.448925 
48.510147 
48.581295 
48.640621 
48.710182 
48.767506 
48.835415 
48.890945 
48.956970 
49.010658 
49.074944 
49.126766 
49.189468 
49.239414 
49.300385 
49.348656 
49.407917 
49.454453 
49.512016 
49.556839 
49.612949 
49.656162 
49.710602 
49.752228 
49.805042 
49.845257 
49.896618 
49.935165 
49.985283 
50.022484 
50.071056 
50.107014 
50.154453 
50.188969 
50.235298 
50.268650 
50.313850 
50.346127 
50.390224 
50.421604 
50.464600 
50.494862 
50.537064 
50.566395 
50.607738 
50.636395 
50.676769 
50.704418 
50.744164 
50.771229 
50.810112 
50.836483 
50.874767 
50.900494 
50.938057 
50.963223 
51.000179 
51.024677 
51.061192 
51.085110 
51.121048 
51.144394 
51.179855 
51.202763 
51.237679 
51.260162 
51.294556 
51.316677 
51.350693 
51.372322 
51.405952 
51.427105 
51.460297 
51.481129 
51.513973 
51.534294 
51.566792 
51.586826 
51.618832 
51.638546 
51.670185 
51.689465 
51.720699 
51.739609 
51.770481 
51.788872 
51.819363 
51.837463 
51.867531 
51.885204 
51.914803 
51.931950 
51.961048 
51.977982 
52.006729 
52.023121 
52.051365 
52.067234 
52.095127 
52.110493 
52.137840 
52.152824 
52.179741 
52.194206 
52.220703 
52.234787 
52.260807 
52.274391 
52.299950 
52.313042 
52.338089 
52.350822 
52.375427 
52.387749 
52.411800 
52.423599 
52.447262 
52.458561 
52.481781 
52.492519 
52.515263 
52.525631 
52.547749 
52.557686 
52.579395 
52.588829 
52.610195 
52.619064 
52.639999 
52.648518 
52.668873 
52.677120 
52.697224 
52.704926 
52.724674 
52.732082 
52.751312 
52.758404 
52.777328 
52.784061 
52.802647 
52.808926 
52.827320 
52.833328 
52.851189 
52.856861 
52.874405 
52.879791 
52.896954 
52.901951 
52.918758 
52.923374 
52.939835 
52.944038 
52.960178 
52.964058 
52.979794 
52.983265 
52.998577 
53.001804 
53.016846 
53.019672 
53.034370 
53.036850 
53.051243 
52.527313 
51.893711 
51.367344 
51.282429 
51.283951 
51.285088 
51.283733 
51.281891 
51.277454 
51.272537 
51.265026 
51.257011 
51.246300 
51.234856 
51.220955 
51.206200 
51.188805 
51.170532 
51.149700 
51.127750 
51.103302 
51.077473 
51.049152 
51.019501 
50.987423 
50.953621 
50.917503 
50.879513 
50.839176 
50.796791 
50.752129 
50.705189 
50.656067 
50.604500 
50.550632 
50.494057 
50.435276 
50.373623 
50.309811 
50.242817 
50.173603 
50.101166 
50.026279 
49.948116 
49.867279 
49.783062 
49.696098 
49.605595 
49.512177 
49.414986 
49.314907 
49.210964 
49.103931 
48.992878 
48.878540 
48.760216 
48.638687 
48.512806 
48.383770 
48.250248 
48.113525 
47.972466 
47.828136 
47.679451 
47.527554 
47.371353 
47.212093 
47.048359 
46.881706 
46.710793 
46.537067 
46.359146 
46.178600 
45.993870 
45.806774 
45.615551 
45.422192 
45.224911 
45.025593 
44.822533 
44.617657 
44.408966 
44.198711 
43.985054 
43.769855 
43.551281 
43.331409 
43.108246 
42.883995 
42.656597 
42.428089 
42.196766 
41.964447 
41.729282 
41.493488 
41.254818 
41.015827 
40.773949 
40.531948 
40.287369 
40.042625 
39.795742 
39.548965 
39.300003 
39.051544 
38.801155 
38.551403 
38.300205 
38.049713 
37.798004 
37.547352 
37.295685 
37.045418 
36.794258 
36.544632 
36.294498 
36.046124 
35.797348 
35.550468 
35.303448 
35.058388 
34.813351 
34.570377 
34.327518 
34.086807 
33.846413 
33.608185 
33.370247 
33.134468 
32.899204 
32.666035 
32.433369 
32.202904 
31.972897 
31.745119 
31.517788 
31.292627 
31.067968 
30.845434 
30.623404 
30.403461 
30.183992 
29.966568 
29.749586 
29.534698 
29.320166 
29.107599 
28.895519 
28.685291 
28.475456 
28.267532 
28.059893 
27.854097 
27.648613 
27.444923 
27.241438 
